2400 494 99 270 99 224 99 
2390 245 99 130 99 115 99 
2380 434 99 243 99 191 99 
2370 413 99 239 99 174 99 
2360 641 99 355 99 286 99 
2350 660 99 353 99 307 99 
2340 890 99 517 99 373 99 
2330 897 99 492 99 405 99 
2320 1188 99 680 99 508 99 
2310 1187 99 662 99 525 99 
2300 1237 99 669 99 568 99 
2290 1502 99 854 99 648 99 
2280 1374 99 756 99 618 99 
2270 1577 99 842 99 735 99 
2260 1789 99 952 99 837 99 
2250 1850 99 994 99 856 99 
2240 2064 99 1128 99 936 99 
2230 2234 99 1174 99 1060 99 
2220 2224 99 1171 98 1053 99 
2210 2461 98 1267 98 1194 99 
2200 2601 98 1343 98 1258 99 
2190 2550 98 1351 98 1199 98 
2180 2823 98 1477 98 1346 98 
2170 2972 98 1579 97 1393 98 
2160 3162 98 1662 97 1500 98 
2150 3315 97 1741 97 1574 98 
2140 3373 97 1828 97 1545 98 
2130 3782 97 1990 97 1792 97 
2120 3898 97 2064 96 1834 97 
2110 4133 97 2180 96 1953 97 
2100 4340 96 2315 96 2025 97 
2090 4417 96 2320 95 2097 96 
2080 4615 96 2366 95 2249 96
2070 4841 95 2490 95 2351 96 
2060 5181 95 2670 94 2511 96 
2050 5336 95 2829 94 2507 95 
2040 5514 94 2820 94 2694 95 
2030 5849 94 3066 93 2783 95 
2020 6002 94 3145 93 2857 94 
2010 6436 93 3316 92 3120 94 
2000 6654 93 3289 92 3365 94 
1990 6706 93 3392 92 3314 93 
1980 6890 92 3445 91 3445 93 
1970 7336 92 3695 91 3641 93 
1960 7430 91 3721 90 3709 92 
1950 7856 91 4021 90 3835 92 
1940 7985 90 3949 89 4036 91 
1930 8362 90 4289 89 4073 91 
1920 8748 89 4383 88 4365 90 
1910 9091 89 4576 87 4515 90 
1900 9239 88 4590 87 4649 89 
1890 9452 88 4662 86 4790 89 
1880 9933 87 5048 86 4885 88 
1870 10121 86 5066 85 5055 88 
1860 10465 86 5324 84 5141 87 
1850 10751 85 5256 84 5495 86 
1840 10962 84 5378 83 5584 86 
1830 11336 84 5508 82 5828 85 
1820 11893 83 5893 81 6000 84 
1810 12052 82 6060 81 5992 84 
1800 12607 82 6154 80 6453 83 
1790 12498 81 6303 79 6195 82 
1780 12558 80 6122 78 6436 82 
1770 13217 79 6504 77 6713 81 
1760 13544 78 6514 77 7030 80 
1750 13607 78 6565 76 7042 79 
1740 13952 77 6815 75 7137 78 
1730 14581 76 7033 74 7548 78 
1720 14873 75 7174 73 7699 77 
1710 15130 74 7228 72 7902 76 
1700 15499 73 7401 71 8098 75
1690 15610 72 7388 70 8222 74 
1680 16049 71 7736 69 8313 73 
1670 16199 70 7691 68 8508 72 
1660 16610 69 7890 67 8720 71 
1650 16840 68 7950 66 8890 70 
1640 17176 67 8112 65 9064 69 
1630 17576 66 8385 64 9191 68 
1620 17755 65 8367 63 9388 67 
1610 17827 64 8377 62 9450 66 
1600 18224 63 8528 61 9696 65 
1590 18227 62 8425 60 9802 64 
1580 18493 61 8627 59 9866 63 
1570 18774 60 8822 57 9952 61 
1560 19055 58 8815 56 10240 60 
1550 19323 57 9056 55 10267 59 
1540 19630 56 9095 54 10535 58 
1530 19307 55 8911 53 10396 57 
1520 19957 54 9114 52 10843 55 
1510 20063 52 9124 51 10939 54 
1500 19884 51 9079 49 10805 53 
1490 20122 50 9223 48 10899 52 
1480 19895 49 9082 47 10813 51 
1470 19985 48 9150 46 10835 49 
1460 20435 46 9343 45 11092 48 
1450 20185 45 9126 43 11059 47 
1440 20189 44 9111 42 11078 46 
1430 20320 43 9287 41 11033 44 
1420 20273 42 9036 40 11237 43 
1410 20331 40 9095 39 11236 42 
1400 20394 39 9222 38 11172 41 
1390 19925 38 8868 36 11057 39 
1380 19910 37 8847 35 11063 38 
1370 19653 36 8692 34 10961 37 
1360 19590 34 8823 33 10767 36 
1350 19813 33 8773 32 11040 34 
1340 19398 32 8573 31 10825 33 
1330 19213 31 8579 30 10634 32 
1320 19028 30 8559 29 10469 31
1310 18828 29 8310 27 10518 30 
1300 18561 27 8294 26 10267 28 
1290 18047 26 7990 25 10057 27 
1280 18084 25 7985 24 10099 26 
1270 17609 24 7864 23 9745 25 
1260 17221 23 7670 22 9551 24 
1250 17101 22 7657 21 9444 23 
1240 16564 21 7407 20 9157 22 
1230 15833 20 6856 20 8977 21 
1220 15847 19 6990 19 8857 20 
1210 15465 18 6767 18 8698 19 
1200 15125 17 6672 17 8453 18 
1190 14419 17 6316 16 8103 17 
1180 14043 16 6163 15 7880 16 
1170 13613 15 5964 15 7649 15 
1160 13347 14 5848 14 7499 14 
1150 12700 13 5709 13 6991 14 
1140 12353 13 5421 12 6932 13 
1130 11789 12 5175 12 6614 12 
1120 11138 11 4864 11 6274 11 
1110 10715 11 4699 10 6016 11 
1100 10360 10 4518 10 5842 10 
1090 9829 9 4338 9 5491 9 
1080 9458 9 4195 9 5263 9 
1070 8971 8 3959 8 5012 8 
1060 8537 8 3809 8 4728 8 
1050 8129 7 3585 7 4544 7 
1040 7743 7 3481 7 4262 7 
1030 7423 6 3377 6 4046 6 
1020 7115 6 3192 6 3923 6 
1010 6511 5 2947 6 3564 5 
1000 6337 5 2861 5 3476 5 
990 5926 5 2726 5 3200 5 
980 5598 4 2548 5 3050 4 
970 5275 4 2395 4 2880 4 
960 4987 4 2350 4 2637 4 
950 4560 3 2053 4 2507 3 
940 4315 3 2019 3 2296 3
930 4268 3 2057 3 2211 3 
920 3864 3 1778 3 2086 3 
910 3755 3 1796 3 1959 2 
900 3515 2 1687 2 1828 2 
890 3206 2 1487 2 1719 2 
880 3061 2 1536 2 1525 2 
870 2923 2 1479 2 1444 2 
860 2749 2 1321 2 1428 1 
850 2529 1 1237 2 1292 1 
840 2333 1 1114 1 1219 1 
830 2203 1 1075 1 1128 1 
820 1932 1 964 1 968 1 
810 1930 1 951 1 979 1 
800 1727 1 870 1 857 1 
790 1567 1 782 1 785 1 
780 1443 1 775 1 668 1 
770 1309 1 658 1 651 1
760 1140 1 588 1 552 1
750 1087 1 590 1 497 1
740 1023 1 551 1 472 1
730 891 1 463 1 428 1
720 835 1 436 1 399 1
710 708 1 391 1 317 1
700 608 1 329 1 279 1
690 579 1 308 1 271 1
680 493 1 267 1 226 1
670 356 1 198 1 158 1
660 311 1 185 1 126 1
650 269 1 160 1 109 1
640 202 1 116 1 86 1
630 189 1 116 1 73 1
620 145 1 85 1 60 1
610 104 1 65 1 39 1
600 250 0 164 0 86 0